Iteration	CPUTime	PhysTime	Travels	Value	AvValue	MinValue	MaxValue	Delta	Criteria	PrevAvRefValue	Progress	CriteriaType	CriteriaVarType	CriteriaPercentage
1	1	0	0.0178775259	0.00114287163	0.00114287163	0.00114287163	0.00114287163	0	0	0	0	0	0	3
2	1	0	0.0357550519	2.47825418e-05	0.000583827087	2.47825418e-05	0.00114287163	0.000559044545	0	0	0	0	0	3
3	1	0	0.0536325778	-2.83767244e-06	0.000388272167	-2.83767244e-06	0.00114287163	0.000754599464	0	0	0	0	0	3
4	1	0	0.0715101038	-2.03692322e-06	0.000290694894	-2.83767244e-06	0.00114287163	0.000852176737	0	0	0	0	0	3
5	1	0	0.0893876297	-8.518777e-07	0.00023238554	-2.83767244e-06	0.00114287163	0.000910486091	0	0	0	0	0	3
6	2	0	0.107265156	1.08944081e-06	0.00019383619	-2.83767244e-06	0.00114287163	0.000949035441	0	0	0	0	0	3
7	2	0	0.125142682	2.76299898e-06	0.00016654002	-2.83767244e-06	0.00114287163	0.000976331611	0	0	0	0	0	3
8	2	0	0.143020208	2.31078603e-06	0.000146011366	-2.83767244e-06	0.00114287163	0.000996860266	0	0	0	0	0	3
9	2	0	0.160897733	3.81634738e-06	0.000130211919	-2.83767244e-06	0.00114287163	0.00101265971	0	0	0	0	0	3
10	2	0	0.178775259	1.81702237e-06	0.00011737243	-2.83767244e-06	0.00114287163	0.0010254992	0	0	0	0	0	3
11	2	0	0.196652785	1.65158704e-06	0.000106852353	-2.83767244e-06	0.00114287163	0.00103601928	0	0	0	0	0	3
12	2	0	0.214530311	2.52010381e-05	0.000100048077	-2.83767244e-06	0.00114287163	0.00104282355	0	0	0	0	0	3
13	3	0	0.232407837	2.36432846e-06	9.25339422e-05	-2.83767244e-06	0.00114287163	0.00105033769	0	0	0	0	0	3
14	3	0	0.250285363	2.71449906e-06	8.61182677e-05	-2.83767244e-06	0.00114287163	0.00105675336	0	0	0	0	0	3
15	3	0	0.268162889	6.69150756e-07	8.04216599e-05	-2.83767244e-06	0.00114287163	0.00106244997	0	0	0	0	0	3
16	3	0	0.286040415	5.00430126e-07	7.54265831e-05	-2.83767244e-06	0.00114287163	0.00106744505	0	0	0	0	0	3
17	3	0	0.303917941	-2.67409343e-06	7.08324256e-05	-2.83767244e-06	0.00114287163	0.00107203921	0	0	0	0	0	3
18	3	0	0.321795467	-1.02902516e-06	6.68401228e-05	-2.83767244e-06	0.00114287163	0.00107603151	0	0	0	0	0	3
19	4	0	0.339672993	3.17500868e-07	6.33389322e-05	-2.83767244e-06	0.00114287163	0.0010795327	0	0	0	0	0	3
20	4	0	0.357550519	6.98023717e-07	6.02068867e-05	-2.83767244e-06	0.00114287163	0.00108266474	0	0	0	0	0	3
21	4	0	0.375428045	9.64816213e-07	5.73858358e-05	-2.83767244e-06	0.00114287163	0.0010854858	0	0	0	0	0	3
22	4	0	0.393305571	2.90078045e-06	5.49092423e-05	-2.83767244e-06	0.00114287163	0.00108796239	0	0	0	0	0	3
23	4	0	0.411183097	8.9202698e-06	5.29097218e-05	-2.83767244e-06	0.00114287163	0.00108996191	0	0	0	0	0	3
24	4	0	0.429060623	1.04710026e-05	5.11414418e-05	-2.83767244e-06	0.00114287163	0.00109173019	0	0	0	0	0	3
25	5	0	0.446938148	1.34692228e-05	4.96345531e-05	-2.83767244e-06	0.00114287163	0.00109323708	0	0	0	0	0	3
26	5	0	0.464815674	1.41597925e-05	4.82701392e-05	-2.83767244e-06	0.00114287163	0.00109460149	0	0	0	0	0	3
27	5	0	0.4826932	4.91468635e-07	4.65005588e-05	-2.83767244e-06	0.00114287163	0.00109637107	0	0	0	0	0	3
28	5	0	0.500570726	5.48762119e-06	4.5035811e-05	-2.83767244e-06	0.00114287163	0.00109783582	0	0	0	0	0	3
29	5	0	0.518448252	-4.59422415e-06	4.05488763e-06	-4.59422415e-06	2.52010381e-05	2.97952623e-05	0	0	0	0	0	3
30	5	0	0.536325778	-9.41039953e-06	2.83371115e-06	-9.41039953e-06	2.52010381e-05	3.46114377e-05	0	0	0	0	0	3
31	5	0	0.554203304	-1.08290607e-05	2.54830443e-06	-1.08290607e-05	2.52010381e-05	3.60300988e-05	0	0	0	0	0	3
32	6	0	0.57208083	-5.77607421e-05	5.5816804e-07	-5.77607421e-05	2.52010381e-05	8.29617803e-05	0	0	0	0	0	3
33	6	0	0.589958356	-3.4414511e-05	-6.40497435e-07	-5.77607421e-05	2.52010381e-05	8.29617803e-05	0	0	0	0	0	3
34	6	0	0.607835882	-3.38425408e-05	-1.88806821e-06	-5.77607421e-05	2.52010381e-05	8.29617803e-05	0	0	0	0	0	3
35	6	0	0.625713408	-2.85432821e-05	-3.00614967e-06	-5.77607421e-05	2.52010381e-05	8.29617803e-05	0	0	0	0	0	3
36	6	0	0.643590934	-1.71966343e-05	-3.70284326e-06	-5.77607421e-05	2.52010381e-05	8.29617803e-05	0	0	0	0	0	3
37	6	0	0.66146846	-3.57451873e-05	-5.11575521e-06	-5.77607421e-05	2.52010381e-05	8.29617803e-05	0	0	0	0	0	3
38	6	0	0.679345986	-2.84466725e-05	-6.19660146e-06	-5.77607421e-05	2.52010381e-05	8.29617803e-05	0	0	0	0	0	3
39	7	0	0.697223512	-1.29010462e-05	-6.71633836e-06	-5.77607421e-05	2.52010381e-05	8.29617803e-05	0	0	0	0	0	3
40	7	0	0.715101038	-2.18065791e-05	-8.39518183e-06	-5.77607421e-05	1.41597925e-05	7.19205346e-05	0	0	0	0	0	3
41	7	0	0.732978564	-9.43994308e-06	-8.81676296e-06	-5.77607421e-05	1.41597925e-05	7.19205346e-05	0	0	0	0	0	3
42	7	0	0.750856089	-1.36698702e-05	-9.401919e-06	-5.77607421e-05	1.41597925e-05	7.19205346e-05	0	0	0	0	0	3
43	7	0	0.768733615	-8.43412635e-06	-9.72703604e-06	-5.77607421e-05	1.41597925e-05	7.19205346e-05	0	0	0	0	0	3
44	7	0	0.786611141	2.50307129e-05	-8.85095451e-06	-5.77607421e-05	2.50307129e-05	8.05594617e-05	0	0	0	0	0	3
45	7	0	0.804488667	-6.13524441e-06	-8.97456705e-06	-5.77607421e-05	2.50307129e-05	7.65671588e-05	0	0	0	0	0	3
46	8	0	0.822366193	5.26875567e-05	-7.0561177e-06	-5.77607421e-05	5.26875567e-05	7.30659682e-05	0	0	0	0	0	3
47	8	0	0.840243719	6.06781255e-05	-4.9003811e-06	-5.77607421e-05	6.06781255e-05	6.99339228e-05	0	0	0	0	0	3
48	8	0	0.858121245	3.93890764e-05	-3.51855779e-06	-5.77607421e-05	6.06781255e-05	6.71128718e-05	0	0	0	0	0	3
49	8	0	0.875998771	3.60900987e-05	-2.26408342e-06	-5.77607421e-05	6.06781255e-05	6.46362784e-05	0	0	0	0	0	3
50	8	0	0.893876297	3.21751182e-05	-1.21857135e-06	-5.77607421e-05	6.06781255e-05	6.26367578e-05	0	0	0	0	0	3
51	8	0	0.911753823	2.51979786e-05	-6.37224609e-07	-5.77607421e-05	6.06781255e-05	6.08684779e-05	0	0	0	0	0	3
52	8	0	0.929631349	6.10982484e-05	1.17089131e-06	-5.77607421e-05	6.10982484e-05	5.93615891e-05	0	0	0	0	0	3
53	9	0	0.947508875	5.87995241e-05	2.78983064e-06	-5.77607421e-05	6.10982484e-05	5.79971752e-05	0	0	0	0	0	3
54	9	0	0.965386401	3.47497237e-05	3.52518533e-06	-5.77607421e-05	6.10982484e-05	5.62275949e-05	0	0	0	0	0	3
55	9	0	0.983263927	4.87409591e-05	5.24838142e-06	-5.77607421e-05	6.10982484e-05	5.47628471e-05	0	0	0	0	0	3
56	9	0	1.00114145	7.75167811e-05	7.82085142e-06	-5.77607421e-05	7.75167811e-05	1.75478875e-05	0.231350319	0	100	0	0	3
57	9	0	1.01901898	7.45959354e-05	1.06490714e-05	-5.77607421e-05	7.75167811e-05	2.03761074e-05	0.231350319	0	100	0	0	3
58	9	0	1.0368965	4.35592489e-05	1.25408446e-05	-5.77607421e-05	7.75167811e-05	2.22678806e-05	0.231350319	0	100	0	0	3
59	9	0	1.05477403	1.73515055e-05	1.35472933e-05	-5.77607421e-05	7.75167811e-05	2.32743294e-05	0.231350319	0	100	0	0	3
60	10	0	1.07265156	6.6416232e-05	1.79821853e-05	-3.57451873e-05	7.75167811e-05	2.77092213e-05	0.231350319	0	100	0	0	3
61	10	0	1.09052908	5.87403262e-05	2.13091438e-05	-3.57451873e-05	7.75167811e-05	3.10361798e-05	0.231350319	0	100	0	0	3
62	10	0	1.10840661	8.8695191e-05	2.56854913e-05	-3.57451873e-05	8.8695191e-05	3.54125274e-05	0.231350319	0	100	0	0	3
63	10	0	1.12628413	7.5328767e-06	2.69739256e-05	-3.57451873e-05	8.8695191e-05	3.67009616e-05	0.231350319	0	100	0	0	3
64	10	0	1.14416166	2.99774717e-06	2.76951535e-05	-3.57451873e-05	8.8695191e-05	3.74221895e-05	0.231350319	0	100	0	0	3
65	10	0	1.16203919	3.55463577e-05	3.02412801e-05	-2.84466725e-05	8.8695191e-05	3.99683161e-05	0.231350319	0	100	0	0	3
66	10	0	1.17991671	-1.47473465e-07	3.12519658e-05	-2.18065791e-05	8.8695191e-05	4.09790018e-05	0.231350319	0	100	0	0	3
67	10	0	1.19779424	3.81694792e-05	3.30759131e-05	-2.18065791e-05	8.8695191e-05	4.28029491e-05	0.231350319	0	100	0	0	3
68	11	0	1.21567176	1.92608664e-05	3.45426076e-05	-1.36698702e-05	8.8695191e-05	4.42696436e-05	0.231350319	0	100	0	0	3
69	11	0	1.23354929	2.71553842e-05	3.58495835e-05	-1.36698702e-05	8.8695191e-05	4.55766196e-05	0.231350319	0	100	0	0	3
70	11	0	1.25142682	2.36397904e-05	3.71820714e-05	-8.43412635e-06	8.8695191e-05	4.69091075e-05	0.231350319	0	100	0	0	3
71	11	0	1.26930434	2.0604741e-05	3.82191738e-05	-6.13524441e-06	8.8695191e-05	4.71937409e-05	0.231350319	0	100	0	0	3
72	11	0	1.28718187	-2.24208177e-05	3.65244763e-05	-2.24208177e-05	8.8695191e-05	4.71937409e-05	0.231350319	0	100	0	0	3
73	11	0	1.30505939	1.6496576e-05	3.73327556e-05	-2.24208177e-05	8.8695191e-05	4.52752915e-05	0.231350319	0	100	0	0	3
74	11	0	1.32293692	-2.25786996e-05	3.4644675e-05	-2.25786996e-05	8.8695191e-05	4.31195549e-05	0.231350319	0	100	0	0	3
75	12	0	1.34081445	-1.34747958e-05	3.19963564e-05	-2.25786996e-05	8.8695191e-05	4.17377316e-05	0.231350319	0	100	0	0	3
76	12	0	1.35869197	-5.86682919e-05	2.84943075e-05	-5.86682919e-05	8.8695191e-05	4.04832572e-05	0.231350319	0	100	0	0	3
77	12	0	1.3765695	3.88530846e-06	2.73441365e-05	-5.86682919e-05	8.8695191e-05	3.94377452e-05	0.231350319	0	100	0	0	3
78	12	0	1.39444702	-5.41013928e-05	2.42628325e-05	-5.86682919e-05	8.8695191e-05	3.88563984e-05	0.231350319	0	100	0	0	3
79	12	0	1.41232455	9.17680878e-06	2.36906479e-05	-5.86682919e-05	8.8695191e-05	3.70482825e-05	0.231350319	0	100	0	0	3
80	12	0	1.43020208	1.81270399e-06	2.1573307e-05	-5.86682919e-05	8.8695191e-05	3.54293432e-05	0.231350319	0	100	0	0	3
81	12	0	1.4480796	-3.42699994e-05	1.82493954e-05	-5.86682919e-05	8.8695191e-05	3.46939885e-05	0.231350319	0	100	0	0	3
82	13	0	1.46595713	-1.84666606e-05	1.63488103e-05	-5.86682919e-05	8.8695191e-05	3.29707924e-05	0.231350319	0	100	0	0	3
83	13	0	1.48383465	-1.67196166e-05	1.40109326e-05	-5.86682919e-05	8.8695191e-05	3.03983224e-05	0.231350319	0	100	0	0	3
84	13	0	1.50171218	-1.02224227e-06	1.12059675e-05	-5.86682919e-05	8.8695191e-05	2.75701024e-05	0.231350319	0	100	0	0	3
85	13	0	1.5195897	-1.34792194e-05	8.06042621e-06	-5.86682919e-05	8.8695191e-05	3.01587476e-05	0.231350319	0	100	0	0	3
86	13	0	1.53746723	3.01831125e-05	7.58270706e-06	-5.86682919e-05	8.8695191e-05	3.06364668e-05	0.231350319	0	100	0	0	3
